51 64
0010110110001011110101000100100001000010000000101010100110100101
1011101100110111101001110000001110001011010001110110000000100011
1010011000001111000100100010100001000100100101001011010011101100
0001011110011101110000001101011111010110111101001001101000101010
0100110000111110010111111100111111000000001010011001000110000101
0010010110110100011011100100001000011101110100101000000011001100
1110011101000011010010011011111000101011001000100111010101011101
1100111111111101011001001000001111001100010000111011010100100011
0111111111111100100110010110011000110011000111011000010001000101
1101010001110101111101101111010011110010100100011111100001100001
1001010100000010101011010011000101000010010110100011010010110000
1101110000110011000001111011011101100100111010111101010111001111
0010110101110011110000110011110010011100011010101101001000111111
1001101110001100110111111001100100010101101001110101010111001011
0100001010010100000010001000101111000101000000000011111011101001
0010111111111001010101010100101100111010100000111101000110110000
0001011011001010111000110001011011110010000101010110100000101000
0100010010111110100010011100001001000100111110101100011101100000
1100000111000101111100000110010100100101100100011101100111110111
1011011101001011110010001100111010010100000101010101101111100010
0110000000111001100000101000010101101000001001110010010111100111
1010000101101011001010011111100000010100010111001001000101011111
1101001111010111110100001010100010101010111100110100000111001010
0001110011010110010000011010000011000001101110101101100000000111
0110100001001100100010110101010000110110010110101100011011110000
0110010001111010000010001000000010011011101100100000010110110011
0101110111000100110101111000011000111001101101010010101101110010
0100101010011000010010101010000110101010011111111010000101110001
0101111100010001001000111101101111100010111111011110111101011100
0100010101001010110101000011011011110101101000011101001110010011
1000001100100110001101011001000000000110100100100110010100100101
0010111011011101010010010111000001100000101101001010011100000011
1010010101001100110001101110101000001011001110101100010101111001
0010111111001100010001110100101011000111011101000001110000001100
0000111000100100001111100101101101010110010000000001111111001111
0110100110100100100101011110000101111001011101100110111000010000
1111110001110010000111101110010100001000111010010101011010011000
0100100111101101000100110100100010010001111001110100111001011011
0100101010010100100011010011000000010101001001010011101100010110
1000101100100110111010110001101001011010000000011000011110000110
1110100011011100100101011001011101101000101010000000100110011001
1110111000010001001001111100100001111001000110010111100001111101
0111110111001000011101100010111000111011111001001111101110100100
1001010101101000111000010110001001100110001101101001000101101001
1111000111010011000100000111011110111100011011011001100101000111
0011111100011010010100001101011000111010111010110110110000111011
0110100011100010100000000111011000010001011010001001001011110000
0010111100111110111110111001101111000111000110101011000000111110
0100011010100001010110111010100110011100110100101110001110100101
1010110100000111101110001101001100101111110111001110110001001110
1000111001110110000111010011101001010111100110110010111111001000
